0000000000000000
0123456789ABCDEF
0000000000000000
0000000000000001
0000000000000000
0000000000000001
0000000000000000
0000000000000001
0000000000000000
0000000000000001
0000000000000000
0000000000000001
0000000000000000
0000000000000001
0000000000000000
0000000000000001
0000000000000000
0000000000000001
0000000000000000
0000000000000001
0000000000000000
0000000000000001
0000000000000000
0000000000000001
0000000000000000
0000000000000001
0000000000000000
0000000000000001
0000000000000000
0000000000000001
0000000000000000
0000000000000001
0000000000000000
0000000000000001
0000000000000000
0000000000000001
0000000000000000
0000000000000001
0000000000000000
0000000000000001
0000000000000000
0000000000000001
0000000000000000
0000000000000001
0000000000000000
0000000000000001
0000000000000000
0000000000000001
0000000000000000
0000000000000001
0000000000000000
0000000000000001
0000000000000000
0000000000000001
0000000000000000
0000000000000001
0000000000000000
0000000000000001
0000000000000000
0000000000000001
0000000000000000
0000000000000001
0000000000000000
0000000000000001
0000000000000000
0000000000000001
0000000000000000
0000000000000001
0000000000000000
0000000000000001
0000000000000000
0000000000000001
0000000000000000
0000000000000001
0000000000000000
0000000000000001
0000000000000000
0000000000000001
0000000000000000
0000000000000001
0000000000000000
0000000000000001
0000000000000000
0000000000000001
0000000000000000
0000000000000001
0000000000000000
0000000000000001
0000000000000000
0000000000000001
0000000000000000
0000000000000001
0000000000000000
0000000000000001
0000000000000000
0000000000000001
0000000000000000
0000000000000001
0000000000000000
0000000000000001
0000000000000000
0000000000000001
0000000000000000
0000000000000001
0000000000000000
0000000000000001
0000000000000000
0000000000000001
0000000000000000
0000000000000001
0000000000000000
0000000000000001
0000000000000000
0000000000000001
0000000000000000
0000000000000001
0000000000000000
0000000000000001
0000000000000000
0000000000000001
0000000000000000
0000000000000001
0000000000000000
0000000000000001
0000000000000000
0000000000000001
0000000000000000
0000000000000001
