00000000
12345678
00000000
00000001
00000000
00000001
00000000
00000001
00000000
00000001
00000000
00000001
00000000
00000001
00000000
00000001
00000000
00000001
00000000
00000001
00000000
00000001
00000000
00000001
00000000
00000001
00000000
00000001
00000000
00000001
00000000
00000001
00000000
00000001
00000000
00000001
00000000
00000001
00000000
00000001
00000000
00000001
00000000
00000001
00000000
00000001
00000000
00000001
00000000
00000001
00000000
00000001
00000000
00000001
00000000
00000001
00000000
00000001
00000000
00000001
00000000
00000001
00000000
00000001
00000000
00000001
00000000
00000001
00000000
00000001
00000000
00000001
00000000
00000001
00000000
00000001
00000000
00000001
00000000
00000001
00000000
00000001
00000000
00000001
00000000
00000001
00000000
00000001
00000000
00000001
00000000
00000001
00000000
00000001
00000000
00000001
00000000
00000001
00000000
00000001
00000000
00000001
00000000
00000001
00000000
00000001
00000000
00000001
00000000
00000001
00000000
00000001
00000000
00000001
00000000
00000001
00000000
00000001
00000000
00000001
00000000
00000001
00000000
00000001
00000000
00000001
00000000
00000001
